 source_e (MeV)            NPS   det_pulse (MeVee)       det_cell     corr_count            PSD       time (s)  cells_history


           14.1             72            0.971658              1             no       0.390654    3.61142e-09          4  1 
           14.1            140             1.15177              1             no       0.383914    2.61847e-09          4  1 
           14.1            152             4.50547              1             no       0.461382    4.85946e-09          4  1 
           14.1            209             3.11086              1             no       0.374334    2.73098e-09          4  1 
           14.1            218            0.244211              1             no       0.359543    3.83759e-09          4  1 
           14.1            382             5.77704              1             no       0.520338    3.45044e-09          4  1 
           14.1            421             5.63461              1             no       0.519444    3.13743e-09          4  1 
           14.1            495             1.91378              1             no       0.359217    2.99033e-09          4  1 
           14.1            546             5.43297              1             no       0.506669    2.45361e-09          4  1 
           14.1            547             1.11085              1             no       0.376154    2.71597e-09          4  1 
           14.1            779             4.20186              1             no       0.450765    2.86778e-09          4  1 
           14.1            894             3.98533              1             no       0.429573    2.42169e-09          4  1 
           14.1            998          0.00378198              1             no              0    4.65586e-09          4  1 
           14.1           1016             5.08862              1             no       0.496121    2.56894e-09          4  1 
           14.1           1041             1.56746              1             no       0.372917    4.25677e-09          4  1 
           14.1           1114             3.38747              1             no       0.390377    4.63526e-09          4  1 
           14.1           1134             5.76245              1             no       0.517139    3.23723e-09          4  1 
           14.1           1260             5.29754              1             no       0.493185    3.55121e-09          4  1 
           14.1           1345             3.35419              1             no       0.386984     3.9961e-09          4  1 
           14.1           1360             4.43059              1             no       0.462668    2.72244e-09          4  1 
           14.1           1389             4.46646              1             no        0.45567    4.13826e-09          4  1 
           14.1           1557             3.27126              1             no       0.377683    3.39795e-09          4  1 
           14.1           1626             3.84234              1             no        0.42496    3.44441e-09          4  1 
           14.1           1681             1.01577              1             no       0.366184    4.03154e-09          4  1 
           14.1           1741             4.99278              1             no       0.503836     2.7683e-09          4  1 
           14.1           1787             3.44437              1             no       0.415798    3.60947e-09          4  1 
           14.1           1932             2.97102              1             no       0.380818    2.65922e-09          4  1 
           14.1           2057            0.162489              1             no       0.438272    4.12006e-09          4  1 
           14.1           2142              4.0728              1             no       0.444016    3.10605e-09          4  1 
           14.1           2151           0.0374884              1             no       0.185127    4.09269e-09          4  1 
           14.1           2460             1.62643              1             no       0.403816    3.00599e-09          4  1 
           14.1           2499             4.67588              1             no       0.462996    3.48214e-09          4  1 
           14.1           2571            0.378861              1             no       0.411958    3.33668e-09          4  1 
           14.1           2754             4.91997              1             no       0.479237     3.5241e-09          4  1 
           14.1           2823             4.99333              1             no       0.478955    3.09038e-09          4  1 
           14.1           2890            0.161319              1             no       0.323384    3.41819e-09          4  1 
           14.1           2909             4.38854              1             no       0.470313    2.97694e-09          4  1 
           14.1           2921             5.85199              1             no       0.564036    2.89434e-09          4  1 
           14.1           3035             5.35558              1             no       0.497851     2.6805e-09          4  1 
           14.1           3446             2.50603              1             no       0.392123    2.68228e-09          4  1 
           14.1           3481             5.29043              1             no       0.494813    3.02175e-09          4  1 
           14.1           3533             4.86371              1             no       0.480039    2.68274e-09          4  1 
           14.1           3584             5.82121              1             no        0.52716     2.7704e-09          4  1 
           14.1           3720            0.834941              1             no       0.357491    3.03308e-09          4  1 
           14.1           3724             4.53093              1             no       0.463002    3.70172e-09          4  1 
           14.1           3801            0.584063              1             no       0.400768    2.77835e-09          4  1 
           14.1           3872              5.4743              1             no       0.502819    2.84723e-09          4  1 
           14.1           3958             5.63344              1             no       0.523078      2.738e-09          4  1 
           14.1           3983             4.05577              1             no       0.440878    3.81029e-09          4  1 
           14.1           4012              2.6113              1             no       0.425177    4.93502e-09          4  1 
           14.1           4069           0.0757956              1             no       0.234053    3.02956e-09          4  1 
           14.1           4226              4.3023              1             no       0.446472    4.73647e-09          4  1 
           14.1           4263              4.7698              1             no       0.472349    3.24224e-09          4  1 
           14.1           4363             4.43131              1             no       0.459148    3.25408e-09          4  1 
           14.1           4395             1.92992              1             no       0.394295    4.66624e-09          4  1 
           14.1           4445           0.0630265              1             no       0.251779    3.12039e-09          4  1 
           14.1           4450              1.7758              1             no       0.373396     2.9813e-09          4  1 
           14.1           4456            0.174069              1             no       0.354575    2.84263e-09          4  1 
           14.1           4462             1.95595              1             no       0.362536    4.46293e-09          4  1 
           14.1           4710             1.56956              1             no       0.376118    3.00972e-09          4  1 
           14.1           4998             4.03405              1             no         0.4339     2.5305e-09          4  1 
           14.1           5014             5.38108              1             no       0.501791    2.76366e-09          4  1 
           14.1           5037             3.41226              1             no       0.411106    2.42528e-09          4  1 
           14.1           5159             4.26261              1             no       0.450918    2.89465e-09          4  1 
           14.1           5203            0.272966              1             no       0.352307    3.59974e-09          4  1 
           14.1           5207             4.23962              1             no       0.445693    2.71829e-09          4  1 
           14.1           5277              1.8474              1             no        0.38178    3.39742e-09          4  1 
           14.1           5330           0.0802404              1             no       0.221331    8.16564e-09          4  1 
           14.1           5378             1.96053              1             no       0.371504    2.52688e-09          4  1 
           14.1           5541            0.120341              1             no       0.353313    4.35161e-09          4  1 
           14.1           5587            0.020255              1             no       0.247353    3.63007e-09          4  1 
           14.1           5588            0.202706              1             no       0.335641    4.90888e-09          4  1 
           14.1           5707             5.26409              1             no       0.532327    2.42425e-09          4  1 
           14.1           5868             4.50711              1             no       0.463581    2.71071e-09          4  1 
           14.1           5892             4.76029              1             no       0.473698    3.12229e-09          4  1 
           14.1           5945             3.84164              1             no        0.43199    3.19254e-09          4  1 
           14.1           5997             4.84891              1             no       0.484254    2.82673e-09          4  1 
           14.1           6372             1.43222              1             no       0.368941    2.98807e-09          4  1 
           14.1           6383             4.33158              1             no       0.449067    3.27108e-09          4  1 
           14.1           6523            0.798466              1             no       0.340153    2.61598e-09          4  1 
           14.1           6538              5.4673              1             no       0.503206    4.20427e-09          4  1 
           14.1           6552             3.90997              1             no       0.430319    3.65759e-09          4  1 
           14.1           6700            0.629992              1             no       0.358275     3.1268e-09          4  1 
           14.1           6747            0.777509              1             no       0.377429    4.17085e-09          4  1 
           14.1           6771           0.0330241              1             no       0.171192     3.7782e-09          4  1 
           14.1           6830            0.739806              1             no       0.376716    3.60305e-09          4  1 
           14.1           6875             2.97303              1             no       0.373689    2.83451e-09          4  1 
           14.1           6902             5.24518              1             no        0.49677    3.63515e-09          4  1 
           14.1           6903             1.95215              1             no       0.371142    3.43753e-09          4  1 
           14.1           6905             3.38885              1             no       0.393036    2.43481e-09          4  1 
           14.1           6946             1.32211              1             no       0.416978    2.97593e-09          4  1 
           14.1           6960             1.33139              1             no       0.395505     2.9144e-09          4  1 
           14.1           7084             2.72891              1             no       0.413653    4.58082e-09          4  1 
           14.1           7118             4.41398              1             no       0.461074    2.47509e-09          4  1 
           14.1           7120            0.064937              1             no       0.244071    5.46836e-09          4  1 
           14.1           7247             5.31721              1             no       0.498205    2.86378e-09          4  1 
           14.1           7325             4.18858              1             no       0.444435    4.48308e-09          4  1 
           14.1           7328             4.12649              1             no       0.441164    3.94176e-09          4  1 
           14.1           7390              4.5706              1             no       0.472547    4.22296e-09          4  1 
           14.1           7421             2.24468              1             no       0.382776     4.8732e-09          4  1 
           14.1           7571               3.731              1             no       0.427662    3.15271e-09          4  1 
           14.1           7965             5.14221              1             no       0.492558    2.77854e-09          4  1 
           14.1           7977              1.4663              1             no        0.37087    2.93018e-09          4  1 
           14.1           8040            0.841433              1             no       0.364696    3.00273e-09          4  1 
           14.1           8053            0.020255              1             no         0.3436    2.63686e-09          4  1 
           14.1           8180             1.19965              1             no        0.38086    4.66934e-09          4  1 
           14.1           8282            0.164438              1             no       0.328512    2.78613e-09          4  1 
           14.1           8350             5.56507              1             no       0.511022    3.62827e-09          4  1 
           14.1           8394            0.150363              1             no       0.393362    4.17252e-09          4  1 
           14.1           8646             5.30825              1             no       0.496032    4.29974e-09          4  1 
           14.1           8679             4.45923              1             no       0.461677    2.54737e-09          4  1 
           14.1           8754             5.12615              1             no       0.494079    4.76288e-09          4  1 
           14.1           8809             1.05535              1             no       0.362723    3.95303e-09          4  1 
           14.1           8823             0.71805              1             no        0.34184    3.54187e-09          4  1 
           14.1           8910             3.37415              1             no       0.395696    3.33997e-09          4  1 
           14.1           8934             2.82916              1             no       0.365997    3.19198e-09          4  1 
           14.1           9018           0.0228868              1             no       0.166099     3.5385e-09          4  1 
           14.1           9056             5.05538              1             no       0.486619     2.5475e-09          4  1 
           14.1           9117           0.0528503              1             no       0.360752    2.68538e-09          4  1 
           14.1           9135            0.679119              1             no       0.351074     4.1343e-09          4  1 
           14.1           9313          0.00506864              1             no              0     2.5174e-09          4  1 
           14.1           9430             5.36178              1             no       0.538477    2.58607e-09          4  1 
           14.1           9498             4.48802              1             no       0.458011    2.93775e-09          4  1 
           14.1           9776             1.01763              1             no       0.375498    3.22561e-09          4  1 
           14.1           9856             2.58836              1             no       0.360581     2.9454e-09          4  1 
           14.1           9857              3.5646              1             no       0.415972    3.23038e-09          4  1 
           14.1           9899             5.47879              1             no       0.508922    2.85354e-09          4  1 
           14.1           9921             5.72986              1             no       0.518056     2.5283e-09          4  1 
           14.1           9964             4.34431              1             no       0.450816    3.12558e-09          4  1 