 source_e (MeV)            NPS   det_pulse (MeVee)       det_cell     corr_count       time (s)            PSD  cells_history


         0.0625          18721          0.00255116              1             no    3.69519e-08              0          4  1 
         0.0625          45249          0.00255116              1             no    3.73961e-08              0          4  1 
         0.0625         101459          0.00255116              1             no    4.69164e-08              0          4  1 
         0.0625         120927          0.00255116              1             no    3.87905e-08              0          4  1 
         0.0625         123135          0.00255116              1             no    3.84853e-08              0          4  1 
         0.0625         159375          0.00319382              1             no    4.35057e-08              0          4  1 
         0.0625         187788          0.00253169              1             no     3.8717e-08              0          4  1 
         0.0625         228923          0.00255116              1             no    3.94763e-08              0          4  1 
         0.0625         259624          0.00255116              1             no    4.05226e-08              0          4  1 
         0.0625         368477          0.00255116              1             no    4.12695e-08              0          4  1 
         0.0625         398510          0.00317435              1             no     4.2738e-08              0          4  1 
         0.0625         400202          0.00255116              1             no    3.85146e-08              0          4  1 
         0.0625         579559          0.00253169              1             no    3.78473e-08              0          4  1 
         0.0625         581358          0.00255116              1             no    3.95478e-08              0          4  1 
         0.0625         606108          0.00253169              1             no    3.66718e-08              0          4  1 
         0.0625         635832          0.00253169              1             no    4.16738e-08              0          4  1 
         0.0625         675038          0.00255116              1             no    4.06779e-08              0          4  1 
         0.0625         675851          0.00255116              1             no     4.8172e-08              0          4  1 
         0.0625         679739          0.00255116              1             no    3.84761e-08              0          4  1 
         0.0625         776007          0.00255116              1             no    4.28666e-08              0          4  1 
         0.0625         814458          0.00317435              1             no    3.75064e-08              0          4  1 
         0.0625         885419          0.00255116              1             no    3.77965e-08              0          4  1 
         0.0625         888975          0.00255116              1             no    4.01931e-08              0          4  1 
         0.0625         890164          0.00255116              1             no    3.68549e-08              0          4  1 
         0.0625         908503          0.00253169              1             no    3.72649e-08              0          4  1 
         0.0625         928074          0.00255116              1             no    4.65358e-08              0          4  1 
         0.0625         952497          0.00253169              1             no    4.88799e-08              0          4  1 