 source_e (MeV)            NPS   det_pulse (MeVee)       det_cell     corr_count       time (s)            PSD  cells_history


          0.125           3546          0.00317509              1             no    3.21566e-08              0          4  1 
          0.125           4681          0.00253228              1             no    2.72673e-08              0          4  1 
          0.125           5768          0.00315561              1             no     3.2028e-08              0          4  1 
          0.125           7165          0.00255176              1             no    2.97285e-08              0          4  1 
          0.125          11833          0.00317509              1             no    2.62703e-08              0          4  1 
          0.125          12058          0.00253228              1             no    2.97396e-08              0          4  1 
          0.125          16337          0.00317509              1             no    2.60634e-08              0          4  1 
          0.125          16873          0.00255176              1             no    2.93243e-08              0          4  1 
          0.125          16921           0.0038179              1             no    2.96463e-08              0          4  1 
          0.125          17891          0.00255176              1             no    2.98289e-08              0          4  1 
          0.125          17965          0.00506456              1             no    7.07707e-08              0          4  1 
          0.125          20649          0.00317509              1             no    2.99943e-08              0          4  1 
          0.125          21268          0.00255176              1             no    3.24317e-08              0          4  1 
          0.125          22642          0.00317509              1             no    2.49231e-08              0          4  1 
          0.125          23918          0.00253228              1             no    3.02484e-08              0          4  1 
          0.125          25045          0.00317509              1             no    2.63715e-08              0          4  1 
          0.125          25764          0.00699299              1             no    2.81806e-08              0          4  1 
          0.125          26144          0.00255176              1             no    2.60775e-08              0          4  1 
          0.125          28626          0.00253228              1             no    2.79717e-08              0          4  1 
          0.125          29555          0.00697351              1             no    2.64213e-08              0          4  1 
          0.125          30778          0.00253228              1             no    2.81734e-08              0          4  1 
          0.125          32417          0.00317509              1             no    2.77744e-08              0          4  1 
          0.125          33615          0.00317509              1             no    2.84428e-08              0          4  1 
          0.125          35187          0.00255176              1             no    2.51429e-08              0          4  1 
          0.125          35860          0.00255176              1             no    3.38927e-08              0          4  1 
          0.125          37065          0.00317509              1             no     3.0371e-08              0          4  1 
          0.125          37774          0.00255176              1             no    2.68718e-08              0          4  1 
          0.125          38307          0.00317509              1             no    2.58801e-08              0          4  1 
          0.125          39040          0.00379842              1             no    2.73779e-08              0          4  1 
          0.125          39527          0.00317509              1             no    2.84078e-08              0          4  1 
          0.125          40573          0.00379842              1             no    2.46886e-08              0          4  1 
          0.125          40866          0.00255176              1             no    2.54511e-08              0          4  1 
          0.125          42473          0.00255176              1             no    2.75048e-08              0          4  1 
          0.125          45268          0.00253228              1             no    2.55725e-08              0          4  1 
          0.125          47930          0.00317509              1             no     2.8677e-08              0          4  1 
          0.125          49452          0.00255176              1             no    2.60709e-08              0          4  1 
          0.125          49736           0.0038179              1             no    2.59992e-08              0          4  1 
          0.125          51308          0.00442175              1             no    2.63168e-08              0          4  1 
          0.125          54227          0.00255176              1             no    2.68546e-08              0          4  1 
          0.125          56623          0.00255176              1             no    2.79671e-08              0          4  1 
          0.125          57741          0.00379842              1             no    2.96015e-08              0          4  1 
          0.125          60820          0.00444123              1             no    2.71164e-08              0          4  1 
          0.125          63408          0.00572685              1             no    2.81648e-08              0          4  1 
          0.125          63894          0.00255176              1             no     2.7181e-08              0          4  1 
          0.125          66268          0.00444123              1             no     2.6503e-08              0          4  1 
          0.125          67813          0.00255176              1             no    2.93686e-08              0          4  1 
          0.125          68134          0.00253228              1             no    2.95316e-08              0          4  1 
          0.125          71237          0.00255176              1             no    2.98709e-08              0          4  1 
          0.125          71966          0.00255176              1             no    3.29168e-08              0          4  1 
          0.125          72711          0.00317509              1             no    3.13755e-08              0          4  1 
          0.125          74190          0.00570737              1             no    2.91594e-08              0          4  1 
          0.125          75389          0.00253228              1             no    2.69089e-08              0          4  1 
          0.125          76916           0.0038179              1             no     2.5177e-08              0          4  1 
          0.125          78125          0.00317509              1             no    2.67465e-08              0          4  1 
          0.125          79465           0.0038179              1             no    2.70713e-08              0          4  1 
          0.125          79637          0.00317509              1             no    2.63712e-08              0          4  1 
          0.125          85094          0.00317509              1             no    2.59828e-08              0          4  1 
          0.125          85288          0.00255176              1             no    2.64332e-08              0          4  1 
          0.125          86227          0.00255176              1             no    2.66995e-08              0          4  1 
          0.125          87147          0.00317509              1             no    2.75259e-08              0          4  1 
          0.125          88038          0.00315561              1             no    2.79582e-08              0          4  1 
          0.125          88483          0.00570737              1             no    2.77804e-08              0          4  1 
          0.125          89852          0.00317509              1             no    2.86635e-08              0          4  1 
          0.125          90635          0.00379842              1             no    2.55693e-08              0          4  1 
          0.125          92223          0.00442175              1             no    2.80899e-08              0          4  1 
          0.125          92861          0.00255176              1             no    2.87088e-08              0          4  1 
          0.125          93155           0.0038179              1             no    2.83585e-08              0          4  1 
          0.125          94319          0.00255176              1             no    2.70677e-08              0          4  1 
          0.125          95185          0.00255176              1             no    2.89522e-08              0          4  1 
          0.125          97674          0.00255176              1             no    2.76858e-08              0          4  1 
          0.125          98920          0.00317509              1             no    2.71846e-08              0          4  1 
          0.125         102223          0.00255176              1             no    2.82077e-08              0          4  1 
          0.125         104801          0.00255176              1             no    2.59001e-08              0          4  1 
          0.125         105492           0.0038179              1             no    2.53087e-08              0          4  1 
          0.125         108840          0.00255176              1             no    2.69274e-08              0          4  1 
          0.125         109499          0.00255176              1             no    3.21817e-08              0          4  1 
          0.125         109923           0.0038179              1             no    2.79304e-08              0          4  1 
          0.125         110103          0.00255176              1             no    3.72195e-08              0          4  1 
          0.125         110565          0.00508404              1             no    2.89832e-08              0          4  1 
          0.125         110713          0.00255176              1             no    2.59098e-08              0          4  1 
          0.125         111631          0.00317509              1             no    2.58681e-08              0          4  1 
          0.125         113659          0.00253228              1             no    2.56942e-08              0          4  1 
          0.125         113736           0.0038179              1             no    2.83595e-08              0          4  1 
          0.125         115508          0.00255176              1             no    2.93874e-08              0          4  1 
          0.125         116816          0.00255176              1             no    2.72076e-08              0          4  1 
          0.125         124031          0.00255176              1             no    2.75648e-08              0          4  1 
          0.125         125128          0.00255176              1             no    2.89239e-08              0          4  1 
          0.125         134222           0.0101681              1             no    2.70756e-08              0          4  1 
          0.125         134870          0.00255176              1             no    2.75069e-08              0          4  1 
          0.125         136289          0.00319457              1             no    2.55927e-08              0          4  1 
          0.125         139403          0.00317509              1             no    2.70585e-08              0          4  1 
          0.125         139581          0.00317509              1             no    2.89089e-08              0          4  1 
          0.125         140209          0.00317509              1             no    2.83383e-08              0          4  1 
          0.125         141793          0.00255176              1             no    2.68565e-08              0          4  1 
          0.125         142368          0.00255176              1             no    2.73352e-08              0          4  1 
          0.125         143449          0.00446071              1             no    2.77924e-08              0          4  1 
          0.125         147283          0.00317509              1             no    2.62604e-08              0          4  1 
          0.125         149434          0.00253228              1             no    2.83852e-08              0          4  1 
          0.125         152785           0.0038179              1             no    2.66443e-08              0          4  1 
          0.125         154503          0.00317509              1             no    2.74878e-08              0          4  1 
          0.125         155693          0.00699299              1             no    2.68252e-08              0          4  1 
          0.125         157875          0.00446071              1             no    2.89495e-08              0          4  1 
          0.125         157937          0.00255176              1             no    3.02322e-08              0          4  1 
          0.125         158163          0.00317509              1             no    4.19527e-08              0          4  1 
          0.125         159123          0.00253228              1             no    3.16182e-08              0          4  1 
          0.125         159538          0.00317509              1             no    2.77262e-08              0          4  1 
          0.125         161688          0.00444123              1             no    2.80486e-08              0          4  1 
          0.125         163403          0.00379842              1             no    2.68748e-08              0          4  1 
          0.125         165307          0.00255176              1             no    2.71533e-08              0          4  1 
          0.125         166241          0.00255176              1             no    2.95112e-08              0          4  1 
          0.125         170390          0.00317509              1             no    2.82238e-08              0          4  1 
          0.125         170779          0.00253228              1             no     2.8597e-08              0          4  1 
          0.125         171875          0.00253228              1             no    2.91632e-08              0          4  1 
          0.125         172403          0.00317509              1             no    2.69874e-08              0          4  1 
          0.125         172725          0.00446071              1             no    3.08953e-08              0          4  1 
          0.125         176265          0.00377894              1             no    2.97476e-08              0          4  1 
          0.125         177165          0.00253228              1             no    2.57321e-08              0          4  1 
          0.125         177801          0.00444123              1             no    2.86113e-08              0          4  1 
          0.125         178908           0.0038179              1             no    2.58347e-08              0          4  1 
          0.125         180542          0.00253228              1             no    2.63908e-08              0          4  1 
          0.125         182663          0.00255176              1             no    3.46665e-08              0          4  1 
          0.125         183521          0.00255176              1             no    3.53382e-08              0          4  1 
          0.125         183927          0.00255176              1             no    2.62101e-08              0          4  1 
          0.125         185165          0.00255176              1             no    2.68052e-08              0          4  1 
          0.125         188386          0.00255176              1             no    2.94523e-08              0          4  1 
          0.125         190287          0.00253228              1             no    2.93795e-08              0          4  1 
          0.125         190634          0.00699299              1             no    2.93664e-08              0          4  1 
          0.125         190980          0.00255176              1             no    2.98603e-08              0          4  1 
          0.125         191541          0.00317509              1             no    2.86023e-08              0          4  1 
          0.125         193973          0.00253228              1             no    2.85969e-08              0          4  1 
          0.125         194443          0.00253228              1             no    2.65942e-08              0          4  1 
          0.125         196413          0.00255176              1             no    2.86989e-08              0          4  1 
          0.125         196524           0.0038179              1             no    2.92032e-08              0          4  1 
          0.125         196889          0.00255176              1             no    2.73629e-08              0          4  1 
          0.125         197650          0.00570737              1             no    3.30537e-08              0          4  1 
          0.125         199651          0.00317509              1             no    2.59985e-08              0          4  1 
          0.125         205168          0.00253228              1             no     2.7512e-08              0          4  1 
          0.125         208717          0.00317509              1             no    2.90214e-08              0          4  1 
          0.125         209189           0.0038179              1             no    2.64113e-08              0          4  1 
          0.125         209958          0.00253228              1             no    2.55903e-08              0          4  1 
          0.125         210452          0.00510352              1             no    2.65124e-08              0          4  1 
          0.125         211746          0.00253228              1             no    2.86109e-08              0          4  1 
          0.125         212340          0.00442175              1             no    2.82057e-08              0          4  1 
          0.125         212420          0.00315561              1             no    2.80409e-08              0          4  1 
          0.125         214745          0.00317509              1             no    2.79542e-08              0          4  1 
          0.125         215360          0.00255176              1             no    2.95028e-08              0          4  1 
          0.125         216123          0.00317509              1             no    2.84225e-08              0          4  1 
          0.125         217012          0.00379842              1             no    2.77834e-08              0          4  1 
          0.125         219747          0.00255176              1             no    3.38556e-08              0          4  1 
          0.125         222229          0.00255176              1             no    2.74541e-08              0          4  1 
          0.125         222492          0.00255176              1             no     2.7846e-08              0          4  1 
          0.125         224593          0.00506456              1             no    2.73787e-08              0          4  1 
          0.125         227829          0.00317509              1             no      2.905e-08              0          4  1 
          0.125         228969          0.00315561              1             no    2.50379e-08              0          4  1 
          0.125         230938          0.00255176              1             no    2.83303e-08              0          4  1 
          0.125         231342          0.00572685              1             no    2.80401e-08              0          4  1 
          0.125         232784          0.00255176              1             no    2.97942e-08              0          4  1 
          0.125         240080          0.00255176              1             no    2.58675e-08              0          4  1 
          0.125         240211          0.00317509              1             no    2.72999e-08              0          4  1 
          0.125         242651          0.00317509              1             no    2.74722e-08              0          4  1 
          0.125         242880          0.00379842              1             no    3.10891e-08              0          4  1 
          0.125         245153          0.00317509              1             no    3.39306e-08              0          4  1 
          0.125         245823          0.00317509              1             no    2.50908e-08              0          4  1 
          0.125         246047          0.00253228              1             no    2.92105e-08              0          4  1 
          0.125         252102          0.00255176              1             no    2.61426e-08              0          4  1 
          0.125         254353          0.00255176              1             no    2.68171e-08              0          4  1 
          0.125         255548          0.00636966              1             no    2.76048e-08              0          4  1 
          0.125         259688          0.00255176              1             no    2.82347e-08              0          4  1 
          0.125         264899          0.00315561              1             no     3.2484e-08              0          4  1 
          0.125         264947          0.00379842              1             no    2.87935e-08              0          4  1 
          0.125         267577          0.00379842              1             no    2.70384e-08              0          4  1 
          0.125         269899          0.00444123              1             no    3.02161e-08              0          4  1 
          0.125         270910          0.00255176              1             no    2.72832e-08              0          4  1 
          0.125         272697          0.00255176              1             no    2.78091e-08              0          4  1 
          0.125         274326          0.00255176              1             no    2.52536e-08              0          4  1 
          0.125         275295          0.00255176              1             no    2.58875e-08              0          4  1 
          0.125         276360          0.00444123              1             no    3.34355e-08              0          4  1 
          0.125         277075          0.00444123              1             no    2.66946e-08              0          4  1 
          0.125         279515          0.00317509              1             no    3.23462e-08              0          4  1 
          0.125         283497          0.00315561              1             no    2.53413e-08              0          4  1 
          0.125         284848          0.00253228              1             no    2.73126e-08              0          4  1 
          0.125         285172          0.00317509              1             no    2.72097e-08              0          4  1 
          0.125         285746           0.0038179              1             no    2.68211e-08              0          4  1 
          0.125         288914          0.00255176              1             no    2.70133e-08              0          4  1 
          0.125         291539          0.00635018              1             no    2.64941e-08              0          4  1 
          0.125         295382          0.00255176              1             no    2.81805e-08              0          4  1 
          0.125         295513          0.00255176              1             no    2.69871e-08              0          4  1 
          0.125         296971          0.00317509              1             no    3.14336e-08              0          4  1 
          0.125         300238          0.00255176              1             no    2.79146e-08              0          4  1 
          0.125         302539          0.00255176              1             no    2.94107e-08              0          4  1 
          0.125         303925          0.00255176              1             no    2.57741e-08              0          4  1 
          0.125         305179          0.00446071              1             no    2.64492e-08              0          4  1 
          0.125         305512          0.00255176              1             no    2.85629e-08              0          4  1 
          0.125         307099          0.00317509              1             no    2.71829e-08              0          4  1 
          0.125         309127          0.00253228              1             no    2.60807e-08              0          4  1 
          0.125         312122           0.0038179              1             no    2.63915e-08              0          4  1 
          0.125         313314          0.00255176              1             no    2.57699e-08              0          4  1 
          0.125         315945           0.0038179              1             no    2.72285e-08              0          4  1 
          0.125         317843          0.00253228              1             no    2.89845e-08              0          4  1 
          0.125         319001          0.00317509              1             no    2.73894e-08              0          4  1 
          0.125         320824          0.00508404              1             no      2.718e-08              0          4  1 
          0.125         323200          0.00255176              1             no    2.84934e-08              0          4  1 
          0.125         325131          0.00255176              1             no    2.67029e-08              0          4  1 
          0.125         325593          0.00446071              1             no    2.93518e-08              0          4  1 
          0.125         328117           0.0038179              1             no    2.67222e-08              0          4  1 
          0.125         328739          0.00255176              1             no     2.7543e-08              0          4  1 
          0.125         329867          0.00255176              1             no    2.85544e-08              0          4  1 
          0.125         331284          0.00253228              1             no    3.48231e-08              0          4  1 
          0.125         333906          0.00317509              1             no     3.1319e-08              0          4  1 
          0.125         334229          0.00379842              1             no    2.73511e-08              0          4  1 
          0.125         335323          0.00442175              1             no    2.71049e-08              0          4  1 
          0.125         335862          0.00255176              1             no    2.63677e-08              0          4  1 
          0.125         338102          0.00444123              1             no    2.80914e-08              0          4  1 
          0.125         339673          0.00379842              1             no    2.62579e-08              0          4  1 
          0.125         341694          0.00315561              1             no    3.38249e-08              0          4  1 
          0.125         341992          0.00255176              1             no    2.57942e-08              0          4  1 
          0.125         342634          0.00317509              1             no    2.65307e-08              0          4  1 
          0.125         342760          0.00446071              1             no    3.41547e-08              0          4  1 
          0.125         344508          0.00253228              1             no    2.74412e-08              0          4  1 
          0.125         346336          0.00379842              1             no    2.74005e-08              0          4  1 
          0.125         348027          0.00255176              1             no    2.75883e-08              0          4  1 
          0.125         360047          0.00317509              1             no    3.02698e-08              0          4  1 
          0.125         361149          0.00317509              1             no    2.82848e-08              0          4  1 
          0.125         363560          0.00255176              1             no    2.73184e-08              0          4  1 
          0.125         364416           0.0038179              1             no    3.14187e-08              0          4  1 
          0.125         367566          0.00253228              1             no     2.8065e-08              0          4  1 
          0.125         368206          0.00572685              1             no    2.95161e-08              0          4  1 
          0.125         369373          0.00253228              1             no    2.78482e-08              0          4  1 
          0.125         372144          0.00444123              1             no    2.66699e-08              0          4  1 
          0.125         378307          0.00253228              1             no    2.73714e-08              0          4  1 
          0.125         380336          0.00253228              1             no    3.04037e-08              0          4  1 
          0.125         381821          0.00255176              1             no    3.10552e-08              0          4  1 
          0.125         382081          0.00255176              1             no    2.99417e-08              0          4  1 
          0.125         383088          0.00255176              1             no     3.2992e-08              0          4  1 
          0.125         383275          0.00255176              1             no    2.62731e-08              0          4  1 
          0.125         384761          0.00442175              1             no    2.82994e-08              0          4  1 
          0.125         385995          0.00255176              1             no    2.95387e-08              0          4  1 
          0.125         389087          0.00255176              1             no    2.84423e-08              0          4  1 
          0.125         395388          0.00255176              1             no      2.839e-08              0          4  1 
          0.125         395519          0.00317509              1             no    2.75365e-08              0          4  1 
          0.125         396308          0.00508404              1             no    2.99874e-08              0          4  1 
          0.125         398927          0.00636966              1             no    2.90136e-08              0          4  1 
          0.125         401218          0.00255176              1             no    3.25548e-08              0          4  1 
          0.125         401817          0.00317509              1             no    3.06513e-08              0          4  1 
          0.125         403955          0.00255176              1             no     2.6901e-08              0          4  1 
          0.125         405794          0.00255176              1             no    2.63794e-08              0          4  1 
          0.125         406694          0.00253228              1             no    2.67418e-08              0          4  1 
          0.125         407599          0.00442175              1             no    3.01398e-08              0          4  1 
          0.125         407619          0.00253228              1             no    2.77785e-08              0          4  1 
          0.125         408924          0.00317509              1             no     2.9911e-08              0          4  1 
          0.125         409269          0.00253228              1             no    2.56253e-08              0          4  1 
          0.125         411704           0.0038179              1             no    2.74468e-08              0          4  1 
          0.125         413059          0.00255176              1             no    2.75777e-08              0          4  1 
          0.125         413262          0.00253228              1             no    2.80549e-08              0          4  1 
          0.125         413672          0.00506456              1             no    3.05265e-08              0          4  1 
          0.125         414159          0.00379842              1             no    3.19476e-08              0          4  1 
          0.125         414266          0.00255176              1             no    3.44135e-08              0          4  1 
          0.125         415092          0.00506456              1             no    2.97309e-08              0          4  1 
          0.125         417759          0.00255176              1             no    3.10564e-08              0          4  1 
          0.125         418277          0.00317509              1             no    2.91302e-08              0          4  1 
          0.125         418478          0.00506456              1             no     2.9555e-08              0          4  1 
          0.125         419412          0.00255176              1             no    2.72421e-08              0          4  1 
          0.125         421171          0.00253228              1             no    2.59019e-08              0          4  1 
          0.125         423061          0.00253228              1             no    2.69546e-08              0          4  1 
          0.125         423768          0.00317509              1             no    2.80524e-08              0          4  1 
          0.125         424119          0.00253228              1             no    2.90944e-08              0          4  1 
          0.125         425799          0.00572685              1             no    2.73601e-08              0          4  1 
          0.125         431297          0.00255176              1             no    2.82558e-08              0          4  1 
          0.125         433234          0.00253228              1             no    2.73181e-08              0          4  1 
          0.125         437473          0.00253228              1             no    3.08335e-08              0          4  1 
          0.125         437957          0.00255176              1             no     2.9934e-08              0          4  1 
          0.125         438819          0.00379842              1             no    2.94703e-08              0          4  1 
          0.125         442524          0.00253228              1             no    2.77378e-08              0          4  1 
          0.125         442895           0.0038179              1             no    3.07471e-08              0          4  1 
          0.125         445426          0.00255176              1             no    2.49793e-08              0          4  1 
          0.125         446609          0.00255176              1             no    2.75477e-08              0          4  1 
          0.125         448271          0.00444123              1             no    3.55216e-08              0          4  1 
          0.125         449562          0.00255176              1             no    2.76662e-08              0          4  1 
          0.125         450648          0.00255176              1             no    2.81174e-08              0          4  1 
          0.125         453926          0.00446071              1             no    3.60903e-08              0          4  1 
          0.125         454505          0.00444123              1             no     3.0707e-08              0          4  1 
          0.125         455004          0.00446071              1             no     2.8966e-08              0          4  1 
          0.125         456304          0.00255176              1             no     2.6587e-08              0          4  1 
          0.125         457873          0.00255176              1             no    2.72595e-08              0          4  1 
          0.125         457935          0.00317509              1             no    2.78371e-08              0          4  1 
          0.125         458247          0.00255176              1             no    2.79903e-08              0          4  1 
          0.125         458843          0.00315561              1             no    2.89058e-08              0          4  1 
          0.125         461492          0.00317509              1             no    2.61035e-08              0          4  1 
          0.125         462739          0.00379842              1             no    3.16298e-08              0          4  1 
          0.125         462936          0.00317509              1             no    2.88059e-08              0          4  1 
          0.125         463994          0.00253228              1             no    2.63021e-08              0          4  1 
          0.125         467127          0.00253228              1             no    2.97452e-08              0          4  1 
          0.125         467671          0.00253228              1             no    2.63323e-08              0          4  1 
          0.125         467916           0.0038179              1             no    2.74014e-08              0          4  1 
          0.125         470736          0.00255176              1             no    2.83099e-08              0          4  1 
          0.125         471327          0.00253228              1             no    2.80533e-08              0          4  1 
          0.125         472160          0.00255176              1             no    2.61257e-08              0          4  1 
          0.125         472652          0.00253228              1             no    3.52435e-08              0          4  1 
          0.125         473539          0.00255176              1             no    2.79953e-08              0          4  1 
          0.125         474799          0.00379842              1             no    2.85615e-08              0          4  1 
          0.125         475710          0.00255176              1             no    2.89029e-08              0          4  1 
          0.125         475728          0.00379842              1             no    2.80736e-08              0          4  1 
          0.125         478948           0.0038179              1             no    2.71359e-08              0          4  1 
          0.125         480191          0.00444123              1             no    2.88349e-08              0          4  1 
          0.125         480620          0.00317509              1             no    2.73167e-08              0          4  1 
          0.125         481275          0.00253228              1             no    2.74237e-08              0          4  1 
          0.125         481370          0.00253228              1             no    2.84856e-08              0          4  1 
          0.125         484382          0.00699299              1             no    2.60763e-08              0          4  1 
          0.125         485780          0.00317509              1             no    2.62813e-08              0          4  1 
          0.125         486454          0.00315561              1             no    2.50673e-08              0          4  1 
          0.125         487600          0.00255176              1             no    2.78212e-08              0          4  1 
          0.125         487677          0.00255176              1             no    2.68711e-08              0          4  1 
          0.125         488975          0.00315561              1             no    3.20738e-08              0          4  1 
          0.125         489153          0.00317509              1             no    2.67835e-08              0          4  1 
          0.125         489354          0.00255176              1             no    2.56795e-08              0          4  1 
          0.125         489646          0.00253228              1             no    2.64323e-08              0          4  1 
          0.125         490363          0.00317509              1             no    3.85387e-08              0          4  1 
          0.125         491452          0.00317509              1             no     2.7682e-08              0          4  1 
          0.125         493743          0.00317509              1             no    2.86861e-08              0          4  1 
          0.125         494583          0.00255176              1             no    2.95056e-08              0          4  1 
          0.125         494738          0.00255176              1             no    2.57202e-08              0          4  1 
          0.125         495031          0.00255176              1             no    2.68335e-08              0          4  1 
          0.125         500302          0.00255176              1             no    2.58339e-08              0          4  1 
          0.125         502095          0.00319457              1             no    2.98991e-08              0          4  1 
          0.125         502445          0.00572685              1             no    3.15297e-08              0          4  1 
          0.125         503031          0.00317509              1             no    2.73029e-08              0          4  1 
          0.125         505645          0.00253228              1             no    2.58619e-08              0          4  1 
          0.125         508649          0.00315561              1             no    2.68779e-08              0          4  1 
          0.125         511712          0.00572685              1             no    2.59371e-08              0          4  1 
          0.125         513935          0.00510352              1             no    3.07972e-08              0          4  1 
          0.125         516889          0.00315561              1             no    3.06468e-08              0          4  1 
          0.125         517217          0.00255176              1             no    2.76971e-08              0          4  1 
          0.125         517294          0.00508404              1             no    2.85551e-08              0          4  1 
          0.125         523150          0.00255176              1             no    2.82125e-08              0          4  1 
          0.125         523543          0.00255176              1             no    2.58483e-08              0          4  1 
          0.125         524393          0.00317509              1             no    2.68558e-08              0          4  1 
          0.125         525782          0.00253228              1             no    2.54529e-08              0          4  1 
          0.125         529102          0.00255176              1             no    2.80103e-08              0          4  1 
          0.125         530021          0.00253228              1             no    2.71282e-08              0          4  1 
          0.125         532280          0.00379842              1             no    2.71225e-08              0          4  1 
          0.125         532455          0.00317509              1             no    2.61142e-08              0          4  1 
          0.125         539206          0.00317509              1             no    2.69322e-08              0          4  1 
          0.125         542564          0.00253228              1             no    3.06422e-08              0          4  1 
          0.125         545429          0.00317509              1             no    2.80262e-08              0          4  1 
          0.125         545913          0.00255176              1             no    2.63182e-08              0          4  1 
          0.125         546388          0.00444123              1             no     3.3258e-08              0          4  1 
          0.125         549000          0.00446071              1             no    2.78438e-08              0          4  1 
          0.125         549423          0.00317509              1             no    3.12322e-08              0          4  1 
          0.125         552898          0.00317509              1             no    2.79633e-08              0          4  1 
          0.125         554903          0.00317509              1             no    2.94804e-08              0          4  1 
          0.125         555218          0.00317509              1             no    2.87589e-08              0          4  1 
          0.125         555759          0.00255176              1             no    2.81748e-08              0          4  1 
          0.125         557904          0.00446071              1             no    2.88869e-08              0          4  1 
          0.125         558899          0.00255176              1             no    2.89595e-08              0          4  1 
          0.125         565937           0.0038179              1             no    2.82936e-08              0          4  1 
          0.125         566723          0.00253228              1             no    2.76856e-08              0          4  1 
          0.125         568901          0.00255176              1             no    3.09635e-08              0          4  1 
          0.125         569061          0.00317509              1             no    3.34338e-08              0          4  1 
          0.125         570981          0.00255176              1             no    2.75124e-08              0          4  1 
          0.125         572826          0.00255176              1             no    2.85347e-08              0          4  1 
          0.125         575246          0.00255176              1             no    2.75613e-08              0          4  1 
          0.125         576735          0.00315561              1             no    2.99659e-08              0          4  1 
          0.125         581778          0.00255176              1             no     3.1265e-08              0          4  1 
          0.125         581813          0.00255176              1             no    2.85566e-08              0          4  1 
          0.125         582698          0.00317509              1             no    2.80561e-08              0          4  1 
          0.125         583275          0.00255176              1             no    2.68889e-08              0          4  1 
          0.125         583750          0.00255176              1             no    2.65075e-08              0          4  1 
          0.125         584477          0.00253228              1             no    2.61734e-08              0          4  1 
          0.125         584782          0.00253228              1             no     2.8064e-08              0          4  1 
          0.125         586947          0.00253228              1             no    2.74625e-08              0          4  1 
          0.125         588015          0.00317509              1             no    2.68235e-08              0          4  1 
          0.125         589094          0.00255176              1             no    2.81632e-08              0          4  1 
          0.125         589992          0.00317509              1             no    2.60909e-08              0          4  1 
          0.125         590175          0.00255176              1             no    3.04179e-08              0          4  1 
          0.125         590505          0.00253228              1             no    2.75814e-08              0          4  1 
          0.125         591455          0.00442175              1             no    2.63747e-08              0          4  1 
          0.125         595836          0.00317509              1             no    2.75863e-08              0          4  1 
          0.125         598611          0.00317509              1             no    2.73267e-08              0          4  1 
          0.125         600152          0.00255176              1             no     3.6513e-08              0          4  1 
          0.125         600518          0.00253228              1             no    2.82955e-08              0          4  1 
          0.125         601514          0.00253228              1             no    3.01569e-08              0          4  1 
          0.125         601786          0.00253228              1             no    2.72411e-08              0          4  1 
          0.125         605928          0.00319457              1             no    2.87096e-08              0          4  1 
          0.125         607290          0.00317509              1             no    2.74492e-08              0          4  1 
          0.125         609766          0.00255176              1             no    2.59907e-08              0          4  1 
          0.125         609913          0.00508404              1             no    2.63104e-08              0          4  1 
          0.125         612783          0.00255176              1             no    2.83591e-08              0          4  1 
          0.125         613435          0.00253228              1             no    2.66849e-08              0          4  1 
          0.125         614000          0.00255176              1             no    2.67241e-08              0          4  1 
          0.125         614193          0.00317509              1             no    3.11863e-08              0          4  1 
          0.125         616368          0.00317509              1             no    3.02853e-08              0          4  1 
          0.125         618603           0.0038179              1             no    3.20075e-08              0          4  1 
          0.125         619260          0.00255176              1             no    2.75365e-08              0          4  1 
          0.125         619474          0.00317509              1             no    2.53035e-08              0          4  1 
          0.125         619912          0.00255176              1             no    2.94025e-08              0          4  1 
          0.125         622623          0.00255176              1             no    2.60492e-08              0          4  1 
          0.125         622974          0.00379842              1             no    2.96268e-08              0          4  1 
          0.125         624051          0.00446071              1             no    2.67041e-08              0          4  1 
          0.125         628309          0.00255176              1             no    3.24178e-08              0          4  1 
          0.125         628729           0.0038179              1             no    2.97763e-08              0          4  1 
          0.125         632069          0.00255176              1             no    2.63652e-08              0          4  1 
          0.125         632477          0.00888245              1             no    2.50081e-08              0          4  1 
          0.125         634219          0.00255176              1             no    2.99836e-08              0          4  1 
          0.125         638192          0.00255176              1             no     2.8868e-08              0          4  1 
          0.125         640648          0.00255176              1             no    3.29283e-08              0          4  1 
          0.125         641097          0.00319457              1             no    2.69598e-08              0          4  1 
          0.125         642955          0.00255176              1             no    2.88632e-08              0          4  1 
          0.125         644591          0.00317509              1             no    2.74281e-08              0          4  1 
          0.125         645568          0.00255176              1             no    2.81182e-08              0          4  1 
          0.125         647743           0.0038179              1             no    3.20885e-08              0          4  1 
          0.125         649514          0.00255176              1             no     2.7731e-08              0          4  1 
          0.125         653470          0.00570737              1             no    2.59109e-08              0          4  1 
          0.125         654412          0.00317509              1             no    2.96061e-08              0          4  1 
          0.125         660907          0.00317509              1             no    2.71377e-08              0          4  1 
          0.125         662048          0.00377894              1             no    2.62005e-08              0          4  1 
          0.125         662127          0.00255176              1             no    2.72199e-08              0          4  1 
          0.125         663503          0.00253228              1             no    3.30369e-08              0          4  1 
          0.125         663748          0.00317509              1             no    3.78489e-08              0          4  1 
          0.125         664889           0.0038179              1             no    2.84464e-08              0          4  1 
          0.125         665874          0.00255176              1             no    2.50216e-08              0          4  1 
          0.125         666336           0.0038179              1             no    2.69646e-08              0          4  1 
          0.125         666375          0.00317509              1             no    2.80241e-08              0          4  1 
          0.125         669969          0.00255176              1             no    2.55157e-08              0          4  1 
          0.125         671199          0.00255176              1             no    3.51565e-08              0          4  1 
          0.125         672538          0.00253228              1             no    3.36299e-08              0          4  1 
          0.125         673811          0.00255176              1             no     2.6946e-08              0          4  1 
          0.125         673988          0.00255176              1             no    2.93256e-08              0          4  1 
          0.125         677887          0.00255176              1             no    2.87169e-08              0          4  1 
          0.125         678410          0.00379842              1             no    2.72875e-08              0          4  1 
          0.125         686467          0.00253228              1             no    2.81653e-08              0          4  1 
          0.125         688758           0.0038179              1             no    3.00106e-08              0          4  1 
          0.125         690127           0.0038179              1             no     2.9361e-08              0          4  1 
          0.125         690523          0.00317509              1             no    2.74613e-08              0          4  1 
          0.125         692915           0.0038179              1             no    2.91302e-08              0          4  1 
          0.125         695558          0.00379842              1             no    2.99622e-08              0          4  1 
          0.125         698040          0.00255176              1             no    4.27576e-08              0          4  1 
          0.125         699332          0.00255176              1             no    2.59726e-08              0          4  1 
          0.125         699646          0.00635018              1             no    2.81972e-08              0          4  1 
          0.125         701551          0.00315561              1             no    3.20151e-08              0          4  1 
          0.125         702559          0.00317509              1             no    2.69739e-08              0          4  1 
          0.125         702775          0.00255176              1             no    2.79119e-08              0          4  1 
          0.125         703337          0.00317509              1             no    2.94269e-08              0          4  1 
          0.125         703884          0.00570737              1             no    2.71231e-08              0          4  1 
          0.125         703893          0.00253228              1             no     2.7542e-08              0          4  1 
          0.125         704461          0.00255176              1             no    3.15619e-08              0          4  1 
          0.125         706691          0.00377894              1             no    2.68627e-08              0          4  1 
          0.125         707919          0.00315561              1             no    2.80015e-08              0          4  1 
          0.125         709302          0.00255176              1             no    2.84052e-08              0          4  1 
          0.125         709428          0.00253228              1             no    2.98973e-08              0          4  1 
          0.125         710834          0.00255176              1             no    2.85405e-08              0          4  1 
          0.125         712018          0.00255176              1             no    2.68388e-08              0          4  1 
          0.125         714629          0.00253228              1             no    2.84944e-08              0          4  1 
          0.125         724150          0.00255176              1             no    3.01245e-08              0          4  1 
          0.125         725524          0.00255176              1             no    3.02805e-08              0          4  1 
          0.125         727928          0.00255176              1             no    2.72882e-08              0          4  1 
          0.125         731088          0.00253228              1             no    2.90311e-08              0          4  1 
          0.125         731703          0.00379842              1             no    3.44869e-08              0          4  1 
          0.125         732094          0.00255176              1             no    2.71642e-08              0          4  1 
          0.125         736312          0.00317509              1             no    2.77361e-08              0          4  1 
          0.125         737341          0.00253228              1             no     2.7329e-08              0          4  1 
          0.125         737623          0.00446071              1             no    2.82523e-08              0          4  1 
          0.125         740731          0.00255176              1             no     3.3169e-08              0          4  1 
          0.125         743828          0.00253228              1             no    2.57351e-08              0          4  1 
          0.125         744202          0.00253228              1             no    2.94945e-08              0          4  1 
          0.125         744434          0.00255176              1             no    3.18764e-08              0          4  1 
          0.125         746715          0.00319457              1             no    2.89164e-08              0          4  1 
          0.125         749354           0.0038179              1             no    2.86709e-08              0          4  1 
          0.125         750944          0.00255176              1             no    2.80326e-08              0          4  1 
          0.125         752264          0.00255176              1             no    2.55629e-08              0          4  1 
          0.125         752566          0.00255176              1             no    2.79655e-08              0          4  1 
          0.125         754308          0.00253228              1             no    2.93613e-08              0          4  1 
          0.125         755452          0.00255176              1             no    2.74686e-08              0          4  1 
          0.125         755531          0.00255176              1             no    2.61559e-08              0          4  1 
          0.125         755792          0.00317509              1             no    2.62752e-08              0          4  1 
          0.125         758178          0.00317509              1             no    2.75954e-08              0          4  1 
          0.125         758364          0.00317509              1             no    2.60317e-08              0          4  1 
          0.125         760079          0.00255176              1             no    2.91726e-08              0          4  1 
          0.125         760195          0.00317509              1             no    2.82515e-08              0          4  1 
          0.125         761461           0.0038179              1             no    3.10692e-08              0          4  1 
          0.125         764494          0.00253228              1             no    2.77598e-08              0          4  1 
          0.125         765168          0.00317509              1             no    2.97431e-08              0          4  1 
          0.125         766591          0.00317509              1             no     3.1996e-08              0          4  1 
          0.125         767364          0.00255176              1             no    2.75672e-08              0          4  1 
          0.125         772220          0.00317509              1             no    2.56607e-08              0          4  1 
          0.125         773421          0.00317509              1             no    2.83859e-08              0          4  1 
          0.125         774768          0.00255176              1             no    2.91343e-08              0          4  1 
          0.125         775351          0.00255176              1             no    3.31295e-08              0          4  1 
          0.125         776646          0.00255176              1             no    2.78585e-08              0          4  1 
          0.125         778681          0.00317509              1             no    2.73568e-08              0          4  1 
          0.125         779744          0.00446071              1             no    3.23146e-08              0          4  1 
          0.125         780419          0.00572685              1             no     2.7998e-08              0          4  1 
          0.125         784006          0.00253228              1             no    3.11386e-08              0          4  1 
          0.125         785667          0.00255176              1             no    2.81487e-08              0          4  1 
          0.125         791136          0.00255176              1             no    2.76359e-08              0          4  1 
          0.125         791243          0.00508404              1             no    2.65257e-08              0          4  1 
          0.125         792486          0.00317509              1             no    2.60309e-08              0          4  1 
          0.125         794990          0.00317509              1             no    2.79157e-08              0          4  1 
          0.125         796113           0.0038179              1             no    2.75178e-08              0          4  1 
          0.125         796888          0.00317509              1             no    2.72684e-08              0          4  1 
          0.125         798589          0.00315561              1             no    2.93882e-08              0          4  1 
          0.125         799329          0.00315561              1             no    2.59662e-08              0          4  1 
          0.125         800514           0.0038179              1             no    2.75762e-08              0          4  1 
          0.125         800971          0.00317509              1             no      2.867e-08              0          4  1 
          0.125         801692           0.0038179              1             no    2.98388e-08              0          4  1 
          0.125         802647          0.00255176              1             no    3.04665e-08              0          4  1 
          0.125         803836          0.00255176              1             no     2.5697e-08              0          4  1 
          0.125         804131          0.00317509              1             no    3.38541e-08              0          4  1 
          0.125         805876          0.00379842              1             no    2.96755e-08              0          4  1 
          0.125         806604          0.00255176              1             no    3.06521e-08              0          4  1 
          0.125         807824          0.00255176              1             no    2.91688e-08              0          4  1 
          0.125         811568          0.00253228              1             no    3.01139e-08              0          4  1 
          0.125         813975          0.00255176              1             no    3.01137e-08              0          4  1 
          0.125         814718          0.00255176              1             no    2.99618e-08              0          4  1 
          0.125         815659          0.00317509              1             no    2.68465e-08              0          4  1 
          0.125         819497          0.00317509              1             no    2.64225e-08              0          4  1 
          0.125         820761          0.00255176              1             no    3.00389e-08              0          4  1 
          0.125         821031          0.00255176              1             no    3.10807e-08              0          4  1 
          0.125         821364          0.00255176              1             no    2.62664e-08              0          4  1 
          0.125         822462          0.00317509              1             no    2.65507e-08              0          4  1 
          0.125         826708           0.0038179              1             no    2.53047e-08              0          4  1 
          0.125         827549          0.00317509              1             no      2.736e-08              0          4  1 
          0.125         828090          0.00444123              1             no    2.80006e-08              0          4  1 
          0.125         829428          0.00255176              1             no     2.8759e-08              0          4  1 
          0.125         831311          0.00255176              1             no    3.06514e-08              0          4  1 
          0.125         840780          0.00255176              1             no    2.83397e-08              0          4  1 
          0.125         840788          0.00253228              1             no    2.87345e-08              0          4  1 
          0.125         848884          0.00508404              1             no    2.70878e-08              0          4  1 
          0.125         849444          0.00315561              1             no    3.22909e-08              0          4  1 
          0.125         849486          0.00255176              1             no    2.88037e-08              0          4  1 
          0.125         849659          0.00317509              1             no    3.30276e-08              0          4  1 
          0.125         849759          0.00253228              1             no    2.71576e-08              0          4  1 
          0.125         850471          0.00255176              1             no    2.83902e-08              0          4  1 
          0.125         852400          0.00255176              1             no     2.7682e-08              0          4  1 
          0.125         853040          0.00317509              1             no    3.07248e-08              0          4  1 
          0.125         853738          0.00317509              1             no    3.11403e-08              0          4  1 
          0.125         853813          0.00317509              1             no     2.8468e-08              0          4  1 
          0.125         855162           0.0038179              1             no    2.58924e-08              0          4  1 
          0.125         855206           0.0038179              1             no    2.93744e-08              0          4  1 
          0.125         858965          0.00253228              1             no    2.68836e-08              0          4  1 
          0.125         861748          0.00255176              1             no    2.68594e-08              0          4  1 
          0.125         867233          0.00255176              1             no    2.64823e-08              0          4  1 
          0.125         870605          0.00317509              1             no    2.85594e-08              0          4  1 
          0.125         871219          0.00379842              1             no    2.66589e-08              0          4  1 
          0.125         872160          0.00315561              1             no    2.78512e-08              0          4  1 
          0.125         872164          0.00317509              1             no    3.13364e-08              0          4  1 
          0.125         872432          0.00255176              1             no    3.01599e-08              0          4  1 
          0.125         873830          0.00570737              1             no    2.69368e-08              0          4  1 
          0.125         875431          0.00255176              1             no    2.88085e-08              0          4  1 
          0.125         876593          0.00255176              1             no    2.51756e-08              0          4  1 
          0.125         876701          0.00317509              1             no    3.06161e-08              0          4  1 
          0.125         877809          0.00317509              1             no    2.52807e-08              0          4  1 
          0.125         878441           0.0038179              1             no    2.79484e-08              0          4  1 
          0.125         882937          0.00317509              1             no    2.72842e-08              0          4  1 
          0.125         883385          0.00317509              1             no    2.81238e-08              0          4  1 
          0.125         883975          0.00255176              1             no    2.88161e-08              0          4  1 
          0.125         885675          0.00255176              1             no    2.77592e-08              0          4  1 
          0.125         886709          0.00315561              1             no    3.06425e-08              0          4  1 
          0.125         886951          0.00255176              1             no    2.60255e-08              0          4  1 
          0.125         887055          0.00255176              1             no    3.57857e-08              0          4  1 
          0.125         888384          0.00255176              1             no    2.98224e-08              0          4  1 
          0.125         889259          0.00255176              1             no     2.6146e-08              0          4  1 
          0.125         890291          0.00253228              1             no      2.601e-08              0          4  1 
          0.125         891573          0.00317509              1             no    2.64585e-08              0          4  1 
          0.125         892582          0.00255176              1             no    3.40339e-08              0          4  1 
          0.125         894834          0.00255176              1             no    2.88178e-08              0          4  1 
          0.125         897297          0.00444123              1             no    2.54402e-08              0          4  1 
          0.125         898190          0.00253228              1             no    2.70242e-08              0          4  1 
          0.125         898538          0.00255176              1             no    2.81584e-08              0          4  1 
          0.125         902324          0.00255176              1             no    2.54638e-08              0          4  1 
          0.125         903427          0.00255176              1             no    2.63453e-08              0          4  1 
          0.125         903939          0.00255176              1             no    2.97029e-08              0          4  1 
          0.125         905546          0.00446071              1             no    2.69623e-08              0          4  1 
          0.125         907259          0.00446071              1             no    2.86938e-08              0          4  1 
          0.125         909827          0.00317509              1             no    2.92532e-08              0          4  1 
          0.125         909860          0.00255176              1             no    2.77271e-08              0          4  1 
          0.125         910736          0.00253228              1             no    3.13639e-08              0          4  1 
          0.125         912122          0.00255176              1             no    2.98063e-08              0          4  1 
          0.125         913307          0.00379842              1             no    3.32884e-08              0          4  1 
          0.125         915140          0.00317509              1             no    2.74599e-08              0          4  1 
          0.125         915519          0.00255176              1             no    2.89197e-08              0          4  1 
          0.125         918488          0.00255176              1             no    2.57047e-08              0          4  1 
          0.125         922014          0.00510352              1             no    2.93389e-08              0          4  1 
          0.125         926367          0.00317509              1             no    2.69336e-08              0          4  1 
          0.125         926562          0.00253228              1             no    2.84533e-08              0          4  1 
          0.125         930831          0.00255176              1             no    3.17887e-08              0          4  1 
          0.125         932889          0.00446071              1             no     3.1935e-08              0          4  1 
          0.125         933327          0.00442175              1             no    2.95431e-08              0          4  1 
          0.125         933454          0.00255176              1             no    2.89676e-08              0          4  1 
          0.125         935331          0.00255176              1             no    2.60727e-08              0          4  1 
          0.125         936136          0.00317509              1             no    2.79121e-08              0          4  1 
          0.125         938086          0.00253228              1             no     2.7391e-08              0          4  1 
          0.125         942486          0.00255176              1             no    2.67884e-08              0          4  1 
          0.125         944662          0.00255176              1             no    2.68183e-08              0          4  1 
          0.125         951780          0.00317509              1             no    3.64648e-08              0          4  1 
          0.125         955888          0.00635018              1             no    2.73536e-08              0          4  1 
          0.125         957777          0.00319457              1             no    2.70801e-08              0          4  1 
          0.125         959397          0.00317509              1             no    2.92199e-08              0          4  1 
          0.125         959645          0.00255176              1             no    2.62947e-08              0          4  1 
          0.125         960025          0.00315561              1             no     2.7313e-08              0          4  1 
          0.125         960327          0.00253228              1             no    2.76202e-08              0          4  1 
          0.125         960337          0.00317509              1             no    3.11271e-08              0          4  1 
          0.125         961979          0.00255176              1             no    2.80386e-08              0          4  1 
          0.125         963663          0.00255176              1             no     2.5199e-08              0          4  1 
          0.125         964196          0.00317509              1             no    3.22321e-08              0          4  1 
          0.125         964260          0.00253228              1             no    2.80036e-08              0          4  1 
          0.125         967185          0.00317509              1             no    2.91516e-08              0          4  1 
          0.125         967308          0.00255176              1             no    3.07233e-08              0          4  1 
          0.125         967879          0.00315561              1             no     2.6175e-08              0          4  1 
          0.125         971356          0.00317509              1             no    3.35805e-08              0          4  1 
          0.125         971561          0.00253228              1             no     2.8357e-08              0          4  1 
          0.125         972930          0.00255176              1             no    3.08109e-08              0          4  1 
          0.125         973613           0.0038179              1             no    2.74803e-08              0          4  1 
          0.125         974003          0.00317509              1             no    2.81066e-08              0          4  1 
          0.125         974518          0.00255176              1             no    2.60655e-08              0          4  1 
          0.125         976075          0.00317509              1             no    2.68095e-08              0          4  1 
          0.125         977784          0.00317509              1             no    2.57714e-08              0          4  1 
          0.125         978495          0.00255176              1             no    2.83708e-08              0          4  1 
          0.125         979548          0.00317509              1             no    2.81906e-08              0          4  1 
          0.125         980942           0.0038179              1             no    2.78521e-08              0          4  1 
          0.125         984355          0.00317509              1             no    2.71083e-08              0          4  1 
          0.125         984936           0.0038179              1             no    2.85853e-08              0          4  1 
          0.125         986521          0.00317509              1             no    2.93447e-08              0          4  1 
          0.125         986661          0.00317509              1             no    2.81561e-08              0          4  1 
          0.125         988023           0.0038179              1             no    2.58451e-08              0          4  1 
          0.125         989558          0.00255176              1             no    2.82469e-08              0          4  1 
          0.125         989944          0.00444123              1             no    2.81787e-08              0          4  1 
          0.125         991075          0.00315561              1             no    2.98583e-08              0          4  1 
          0.125         996556          0.00317509              1             no     2.9273e-08              0          4  1 